Tempo exec.: 9.71564650000073
Instance:	[n: 25], [p: 7]
Distância:	[distance: [[0, 42, 85, 128, 170, 51, 93, 136, 179, 221, 103, 145, 188, 231, 273, 155, 197, 240, 283, 325, 206, 248, 291, 334, 376], [42, 0, 43, 86, 128, 93, 51, 94, 137, 179, 145, 103, 146, 189, 231, 197, 155, 198, 241, 283, 248, 206, 249, 292, 334], [85, 43, 0, 43, 85, 136, 94, 51, 94, 136, 188, 146, 103, 146, 188, 240, 198, 155, 198, 240, 291, 249, 206, 249, 291], [128, 86, 43, 0, 42, 179, 137, 94, 51, 93, 231, 189, 146, 103, 145, 283, 241, 198, 155, 197, 334, 292, 249, 206, 248], [170, 128, 85, 42, 0, 221, 179, 136, 93, 51, 273, 231, 188, 145, 103, 325, 283, 240, 197, 155, 376, 334, 291, 248, 206], [51, 93, 136, 179, 221, 0, 42, 85, 128, 170, 52, 94, 137, 180, 222, 104, 146, 189, 232, 274, 155, 197, 240, 283, 325], [93, 51, 94, 137, 179, 42, 0, 43, 86, 128, 94, 52, 95, 138, 180, 146, 104, 147, 190, 232, 197, 155, 198, 241, 283], [136, 94, 51, 94, 136, 85, 43, 0, 43, 85, 137, 95, 52, 95, 137, 189, 147, 104, 147, 189, 240, 198, 155, 198, 240], [179, 137, 94, 51, 93, 128, 86, 43, 0, 42, 180, 138, 95, 52, 94, 232, 190, 147, 104, 146, 283, 241, 198, 155, 197], [221, 179, 136, 93, 51, 170, 128, 85, 42, 0, 222, 180, 137, 94, 52, 274, 232, 189, 146, 104, 325, 283, 240, 197, 155], [103, 145, 188, 231, 273, 52, 94, 137, 180, 222, 0, 42, 85, 128, 170, 52, 94, 137, 180, 222, 103, 145, 188, 231, 273], [145, 103, 146, 189, 231, 94, 52, 95, 138, 180, 42, 0, 43, 86, 128, 94, 52, 95, 138, 180, 145, 103, 146, 189, 231], [188, 146, 103, 146, 188, 137, 95, 52, 95, 137, 85, 43, 0, 43, 85, 137, 95, 52, 95, 137, 188, 146, 103, 146, 188], [231, 189, 146, 103, 145, 180, 138, 95, 52, 94, 128, 86, 43, 0, 42, 180, 138, 95, 52, 94, 231, 189, 146, 103, 145], [273, 231, 188, 145, 103, 222, 180, 137, 94, 52, 170, 128, 85, 42, 0, 222, 180, 137, 94, 52, 273, 231, 188, 145, 103], [155, 197, 240, 283, 325, 104, 146, 189, 232, 274, 52, 94, 137, 180, 222, 0, 42, 85, 128, 170, 51, 93, 136, 179, 221], [197, 155, 198, 241, 283, 146, 104, 147, 190, 232, 94, 52, 95, 138, 180, 42, 0, 43, 86, 128, 93, 51, 94, 137, 179], [240, 198, 155, 198, 240, 189, 147, 104, 147, 189, 137, 95, 52, 95, 137, 85, 43, 0, 43, 85, 136, 94, 51, 94, 136], [283, 241, 198, 155, 197, 232, 190, 147, 104, 146, 180, 138, 95, 52, 94, 128, 86, 43, 0, 42, 179, 137, 94, 51, 93], [325, 283, 240, 197, 155, 274, 232, 189, 146, 104, 222, 180, 137, 94, 52, 170, 128, 85, 42, 0, 221, 179, 136, 93, 51], [206, 248, 291, 334, 376, 155, 197, 240, 283, 325, 103, 145, 188, 231, 273, 51, 93, 136, 179, 221, 0, 42, 85, 128, 170], [248, 206, 249, 292, 334, 197, 155, 198, 241, 283, 145, 103, 146, 189, 231, 93, 51, 94, 137, 179, 42, 0, 43, 86, 128], [291, 249, 206, 249, 291, 240, 198, 155, 198, 240, 188, 146, 103, 146, 188, 136, 94, 51, 94, 136, 85, 43, 0, 43, 85], [334, 292, 249, 206, 248, 283, 241, 198, 155, 197, 231, 189, 146, 103, 145, 179, 137, 94, 51, 93, 128, 86, 43, 0, 42], [376, 334, 291, 248, 206, 325, 283, 240, 197, 155, 273, 231, 188, 145, 103, 221, 179, 136, 93, 51, 170, 128, 85, 42, 0]]]
Equipments:	[0, 1, 0, 1, 0, 0, 1, 0, 0, 1, 0, 1, 0, 0, 0, 0, 0, 0, 1, 0, 0, 1, 0, 0, 0]
Coverage:	[1, 1, 1, 3, 9, 6, 6, 6, 9, 9, 11, 11, 11, 18, 9, 21, 21, 18, 18, 18, 21, 21, 21, 18, 18]
Rem. cap.:	[0, 46, 0, 58, 0, 0, 46, 0, 0, 40, 0, 39, 0, 0, 0, 0, 0, 0, 56, 0, 0, 62, 0, 0, 0]
Value:		910

Tempo exec.: 17.609716499981005
Instance:	[n: 25], [p: 7]
Distância:	[distance: [[0, 42, 85, 128, 170, 51, 93, 136, 179, 221, 103, 145, 188, 231, 273, 155, 197, 240, 283, 325, 206, 248, 291, 334, 376], [42, 0, 43, 86, 128, 93, 51, 94, 137, 179, 145, 103, 146, 189, 231, 197, 155, 198, 241, 283, 248, 206, 249, 292, 334], [85, 43, 0, 43, 85, 136, 94, 51, 94, 136, 188, 146, 103, 146, 188, 240, 198, 155, 198, 240, 291, 249, 206, 249, 291], [128, 86, 43, 0, 42, 179, 137, 94, 51, 93, 231, 189, 146, 103, 145, 283, 241, 198, 155, 197, 334, 292, 249, 206, 248], [170, 128, 85, 42, 0, 221, 179, 136, 93, 51, 273, 231, 188, 145, 103, 325, 283, 240, 197, 155, 376, 334, 291, 248, 206], [51, 93, 136, 179, 221, 0, 42, 85, 128, 170, 52, 94, 137, 180, 222, 104, 146, 189, 232, 274, 155, 197, 240, 283, 325], [93, 51, 94, 137, 179, 42, 0, 43, 86, 128, 94, 52, 95, 138, 180, 146, 104, 147, 190, 232, 197, 155, 198, 241, 283], [136, 94, 51, 94, 136, 85, 43, 0, 43, 85, 137, 95, 52, 95, 137, 189, 147, 104, 147, 189, 240, 198, 155, 198, 240], [179, 137, 94, 51, 93, 128, 86, 43, 0, 42, 180, 138, 95, 52, 94, 232, 190, 147, 104, 146, 283, 241, 198, 155, 197], [221, 179, 136, 93, 51, 170, 128, 85, 42, 0, 222, 180, 137, 94, 52, 274, 232, 189, 146, 104, 325, 283, 240, 197, 155], [103, 145, 188, 231, 273, 52, 94, 137, 180, 222, 0, 42, 85, 128, 170, 52, 94, 137, 180, 222, 103, 145, 188, 231, 273], [145, 103, 146, 189, 231, 94, 52, 95, 138, 180, 42, 0, 43, 86, 128, 94, 52, 95, 138, 180, 145, 103, 146, 189, 231], [188, 146, 103, 146, 188, 137, 95, 52, 95, 137, 85, 43, 0, 43, 85, 137, 95, 52, 95, 137, 188, 146, 103, 146, 188], [231, 189, 146, 103, 145, 180, 138, 95, 52, 94, 128, 86, 43, 0, 42, 180, 138, 95, 52, 94, 231, 189, 146, 103, 145], [273, 231, 188, 145, 103, 222, 180, 137, 94, 52, 170, 128, 85, 42, 0, 222, 180, 137, 94, 52, 273, 231, 188, 145, 103], [155, 197, 240, 283, 325, 104, 146, 189, 232, 274, 52, 94, 137, 180, 222, 0, 42, 85, 128, 170, 51, 93, 136, 179, 221], [197, 155, 198, 241, 283, 146, 104, 147, 190, 232, 94, 52, 95, 138, 180, 42, 0, 43, 86, 128, 93, 51, 94, 137, 179], [240, 198, 155, 198, 240, 189, 147, 104, 147, 189, 137, 95, 52, 95, 137, 85, 43, 0, 43, 85, 136, 94, 51, 94, 136], [283, 241, 198, 155, 197, 232, 190, 147, 104, 146, 180, 138, 95, 52, 94, 128, 86, 43, 0, 42, 179, 137, 94, 51, 93], [325, 283, 240, 197, 155, 274, 232, 189, 146, 104, 222, 180, 137, 94, 52, 170, 128, 85, 42, 0, 221, 179, 136, 93, 51], [206, 248, 291, 334, 376, 155, 197, 240, 283, 325, 103, 145, 188, 231, 273, 51, 93, 136, 179, 221, 0, 42, 85, 128, 170], [248, 206, 249, 292, 334, 197, 155, 198, 241, 283, 145, 103, 146, 189, 231, 93, 51, 94, 137, 179, 42, 0, 43, 86, 128], [291, 249, 206, 249, 291, 240, 198, 155, 198, 240, 188, 146, 103, 146, 188, 136, 94, 51, 94, 136, 85, 43, 0, 43, 85], [334, 292, 249, 206, 248, 283, 241, 198, 155, 197, 231, 189, 146, 103, 145, 179, 137, 94, 51, 93, 128, 86, 43, 0, 42], [376, 334, 291, 248, 206, 325, 283, 240, 197, 155, 273, 231, 188, 145, 103, 221, 179, 136, 93, 51, 170, 128, 85, 42, 0]]]
Equipments:	[0, 1, 0, 1, 0, 0, 0, 0, 0, 1, 1, 0, 1, 0, 0, 0, 0, 0, 1, 0, 0, 1, 0, 0, 0]
Coverage:	[1, 1, 1, 3, 9, 10, 1, 12, 9, 9, 10, 10, 12, 12, 9, 10, 21, 18, 18, 18, 21, 21, 21, 18, 18]
Rem. cap.:	[0, 40, 0, 58, 0, 0, 0, 0, 0, 40, 65, 0, 14, 0, 0, 0, 0, 0, 62, 0, 0, 68, 0, 0, 0]
Value:		887

Tempo exec.: 16.441701699979603
Instance:	[n: 25], [p: 7]
Distância:	[distance: [[0, 42, 85, 128, 170, 51, 93, 136, 179, 221, 103, 145, 188, 231, 273, 155, 197, 240, 283, 325, 206, 248, 291, 334, 376], [42, 0, 43, 86, 128, 93, 51, 94, 137, 179, 145, 103, 146, 189, 231, 197, 155, 198, 241, 283, 248, 206, 249, 292, 334], [85, 43, 0, 43, 85, 136, 94, 51, 94, 136, 188, 146, 103, 146, 188, 240, 198, 155, 198, 240, 291, 249, 206, 249, 291], [128, 86, 43, 0, 42, 179, 137, 94, 51, 93, 231, 189, 146, 103, 145, 283, 241, 198, 155, 197, 334, 292, 249, 206, 248], [170, 128, 85, 42, 0, 221, 179, 136, 93, 51, 273, 231, 188, 145, 103, 325, 283, 240, 197, 155, 376, 334, 291, 248, 206], [51, 93, 136, 179, 221, 0, 42, 85, 128, 170, 52, 94, 137, 180, 222, 104, 146, 189, 232, 274, 155, 197, 240, 283, 325], [93, 51, 94, 137, 179, 42, 0, 43, 86, 128, 94, 52, 95, 138, 180, 146, 104, 147, 190, 232, 197, 155, 198, 241, 283], [136, 94, 51, 94, 136, 85, 43, 0, 43, 85, 137, 95, 52, 95, 137, 189, 147, 104, 147, 189, 240, 198, 155, 198, 240], [179, 137, 94, 51, 93, 128, 86, 43, 0, 42, 180, 138, 95, 52, 94, 232, 190, 147, 104, 146, 283, 241, 198, 155, 197], [221, 179, 136, 93, 51, 170, 128, 85, 42, 0, 222, 180, 137, 94, 52, 274, 232, 189, 146, 104, 325, 283, 240, 197, 155], [103, 145, 188, 231, 273, 52, 94, 137, 180, 222, 0, 42, 85, 128, 170, 52, 94, 137, 180, 222, 103, 145, 188, 231, 273], [145, 103, 146, 189, 231, 94, 52, 95, 138, 180, 42, 0, 43, 86, 128, 94, 52, 95, 138, 180, 145, 103, 146, 189, 231], [188, 146, 103, 146, 188, 137, 95, 52, 95, 137, 85, 43, 0, 43, 85, 137, 95, 52, 95, 137, 188, 146, 103, 146, 188], [231, 189, 146, 103, 145, 180, 138, 95, 52, 94, 128, 86, 43, 0, 42, 180, 138, 95, 52, 94, 231, 189, 146, 103, 145], [273, 231, 188, 145, 103, 222, 180, 137, 94, 52, 170, 128, 85, 42, 0, 222, 180, 137, 94, 52, 273, 231, 188, 145, 103], [155, 197, 240, 283, 325, 104, 146, 189, 232, 274, 52, 94, 137, 180, 222, 0, 42, 85, 128, 170, 51, 93, 136, 179, 221], [197, 155, 198, 241, 283, 146, 104, 147, 190, 232, 94, 52, 95, 138, 180, 42, 0, 43, 86, 128, 93, 51, 94, 137, 179], [240, 198, 155, 198, 240, 189, 147, 104, 147, 189, 137, 95, 52, 95, 137, 85, 43, 0, 43, 85, 136, 94, 51, 94, 136], [283, 241, 198, 155, 197, 232, 190, 147, 104, 146, 180, 138, 95, 52, 94, 128, 86, 43, 0, 42, 179, 137, 94, 51, 93], [325, 283, 240, 197, 155, 274, 232, 189, 146, 104, 222, 180, 137, 94, 52, 170, 128, 85, 42, 0, 221, 179, 136, 93, 51], [206, 248, 291, 334, 376, 155, 197, 240, 283, 325, 103, 145, 188, 231, 273, 51, 93, 136, 179, 221, 0, 42, 85, 128, 170], [248, 206, 249, 292, 334, 197, 155, 198, 241, 283, 145, 103, 146, 189, 231, 93, 51, 94, 137, 179, 42, 0, 43, 86, 128], [291, 249, 206, 249, 291, 240, 198, 155, 198, 240, 188, 146, 103, 146, 188, 136, 94, 51, 94, 136, 85, 43, 0, 43, 85], [334, 292, 249, 206, 248, 283, 241, 198, 155, 197, 231, 189, 146, 103, 145, 179, 137, 94, 51, 93, 128, 86, 43, 0, 42], [376, 334, 291, 248, 206, 325, 283, 240, 197, 155, 273, 231, 188, 145, 103, 221, 179, 136, 93, 51, 170, 128, 85, 42, 0]]]
Equipments:	[0, 1, 0, 0, 0, 0, 1, 0, 1, 1, 0, 1, 0, 0, 0, 0, 1, 0, 0, 0, 0, 0, 0, 1, 0]
Coverage:	[1, 1, 1, 8, 9, 6, 6, 6, 8, 9, 11, 11, 11, 8, 9, 16, 16, 16, 23, 23, 16, 16, 23, 23, 23]
Rem. cap.:	[0, 46, 0, 0, 0, 0, 46, 0, 46, 46, 0, 39, 0, 0, 0, 0, 29, 0, 0, 0, 0, 0, 0, 95, 0]
Value:		919

Tempo exec.: 17.147420299996156
Instance:	[n: 25], [p: 7]
Distância:	[distance: [[0, 42, 85, 128, 170, 51, 93, 136, 179, 221, 103, 145, 188, 231, 273, 155, 197, 240, 283, 325, 206, 248, 291, 334, 376], [42, 0, 43, 86, 128, 93, 51, 94, 137, 179, 145, 103, 146, 189, 231, 197, 155, 198, 241, 283, 248, 206, 249, 292, 334], [85, 43, 0, 43, 85, 136, 94, 51, 94, 136, 188, 146, 103, 146, 188, 240, 198, 155, 198, 240, 291, 249, 206, 249, 291], [128, 86, 43, 0, 42, 179, 137, 94, 51, 93, 231, 189, 146, 103, 145, 283, 241, 198, 155, 197, 334, 292, 249, 206, 248], [170, 128, 85, 42, 0, 221, 179, 136, 93, 51, 273, 231, 188, 145, 103, 325, 283, 240, 197, 155, 376, 334, 291, 248, 206], [51, 93, 136, 179, 221, 0, 42, 85, 128, 170, 52, 94, 137, 180, 222, 104, 146, 189, 232, 274, 155, 197, 240, 283, 325], [93, 51, 94, 137, 179, 42, 0, 43, 86, 128, 94, 52, 95, 138, 180, 146, 104, 147, 190, 232, 197, 155, 198, 241, 283], [136, 94, 51, 94, 136, 85, 43, 0, 43, 85, 137, 95, 52, 95, 137, 189, 147, 104, 147, 189, 240, 198, 155, 198, 240], [179, 137, 94, 51, 93, 128, 86, 43, 0, 42, 180, 138, 95, 52, 94, 232, 190, 147, 104, 146, 283, 241, 198, 155, 197], [221, 179, 136, 93, 51, 170, 128, 85, 42, 0, 222, 180, 137, 94, 52, 274, 232, 189, 146, 104, 325, 283, 240, 197, 155], [103, 145, 188, 231, 273, 52, 94, 137, 180, 222, 0, 42, 85, 128, 170, 52, 94, 137, 180, 222, 103, 145, 188, 231, 273], [145, 103, 146, 189, 231, 94, 52, 95, 138, 180, 42, 0, 43, 86, 128, 94, 52, 95, 138, 180, 145, 103, 146, 189, 231], [188, 146, 103, 146, 188, 137, 95, 52, 95, 137, 85, 43, 0, 43, 85, 137, 95, 52, 95, 137, 188, 146, 103, 146, 188], [231, 189, 146, 103, 145, 180, 138, 95, 52, 94, 128, 86, 43, 0, 42, 180, 138, 95, 52, 94, 231, 189, 146, 103, 145], [273, 231, 188, 145, 103, 222, 180, 137, 94, 52, 170, 128, 85, 42, 0, 222, 180, 137, 94, 52, 273, 231, 188, 145, 103], [155, 197, 240, 283, 325, 104, 146, 189, 232, 274, 52, 94, 137, 180, 222, 0, 42, 85, 128, 170, 51, 93, 136, 179, 221], [197, 155, 198, 241, 283, 146, 104, 147, 190, 232, 94, 52, 95, 138, 180, 42, 0, 43, 86, 128, 93, 51, 94, 137, 179], [240, 198, 155, 198, 240, 189, 147, 104, 147, 189, 137, 95, 52, 95, 137, 85, 43, 0, 43, 85, 136, 94, 51, 94, 136], [283, 241, 198, 155, 197, 232, 190, 147, 104, 146, 180, 138, 95, 52, 94, 128, 86, 43, 0, 42, 179, 137, 94, 51, 93], [325, 283, 240, 197, 155, 274, 232, 189, 146, 104, 222, 180, 137, 94, 52, 170, 128, 85, 42, 0, 221, 179, 136, 93, 51], [206, 248, 291, 334, 376, 155, 197, 240, 283, 325, 103, 145, 188, 231, 273, 51, 93, 136, 179, 221, 0, 42, 85, 128, 170], [248, 206, 249, 292, 334, 197, 155, 198, 241, 283, 145, 103, 146, 189, 231, 93, 51, 94, 137, 179, 42, 0, 43, 86, 128], [291, 249, 206, 249, 291, 240, 198, 155, 198, 240, 188, 146, 103, 146, 188, 136, 94, 51, 94, 136, 85, 43, 0, 43, 85], [334, 292, 249, 206, 248, 283, 241, 198, 155, 197, 231, 189, 146, 103, 145, 179, 137, 94, 51, 93, 128, 86, 43, 0, 42], [376, 334, 291, 248, 206, 325, 283, 240, 197, 155, 273, 231, 188, 145, 103, 221, 179, 136, 93, 51, 170, 128, 85, 42, 0]]]
Equipments:	[0, 1, 0, 0, 1, 0, 1, 0, 1, 0, 0, 0, 0, 0, 0, 1, 0, 0, 0, 1, 0, 0, 1, 0, 0]
Coverage:	[1, 1, 1, 8, 4, 6, 6, 6, 8, 8, 15, 6, 8, 8, 19, 15, 15, 22, 19, 19, 15, 22, 22, 22, 19]
Rem. cap.:	[0, 46, 0, 0, 58, 0, 8, 0, 2, 0, 0, 0, 0, 0, 0, 66, 0, 0, 0, 99, 0, 0, 68, 0, 0]
Value:		889

Tempo exec.: 17.01307149999775
Instance:	[n: 25], [p: 7]
Distância:	[distance: [[0, 42, 85, 128, 170, 51, 93, 136, 179, 221, 103, 145, 188, 231, 273, 155, 197, 240, 283, 325, 206, 248, 291, 334, 376], [42, 0, 43, 86, 128, 93, 51, 94, 137, 179, 145, 103, 146, 189, 231, 197, 155, 198, 241, 283, 248, 206, 249, 292, 334], [85, 43, 0, 43, 85, 136, 94, 51, 94, 136, 188, 146, 103, 146, 188, 240, 198, 155, 198, 240, 291, 249, 206, 249, 291], [128, 86, 43, 0, 42, 179, 137, 94, 51, 93, 231, 189, 146, 103, 145, 283, 241, 198, 155, 197, 334, 292, 249, 206, 248], [170, 128, 85, 42, 0, 221, 179, 136, 93, 51, 273, 231, 188, 145, 103, 325, 283, 240, 197, 155, 376, 334, 291, 248, 206], [51, 93, 136, 179, 221, 0, 42, 85, 128, 170, 52, 94, 137, 180, 222, 104, 146, 189, 232, 274, 155, 197, 240, 283, 325], [93, 51, 94, 137, 179, 42, 0, 43, 86, 128, 94, 52, 95, 138, 180, 146, 104, 147, 190, 232, 197, 155, 198, 241, 283], [136, 94, 51, 94, 136, 85, 43, 0, 43, 85, 137, 95, 52, 95, 137, 189, 147, 104, 147, 189, 240, 198, 155, 198, 240], [179, 137, 94, 51, 93, 128, 86, 43, 0, 42, 180, 138, 95, 52, 94, 232, 190, 147, 104, 146, 283, 241, 198, 155, 197], [221, 179, 136, 93, 51, 170, 128, 85, 42, 0, 222, 180, 137, 94, 52, 274, 232, 189, 146, 104, 325, 283, 240, 197, 155], [103, 145, 188, 231, 273, 52, 94, 137, 180, 222, 0, 42, 85, 128, 170, 52, 94, 137, 180, 222, 103, 145, 188, 231, 273], [145, 103, 146, 189, 231, 94, 52, 95, 138, 180, 42, 0, 43, 86, 128, 94, 52, 95, 138, 180, 145, 103, 146, 189, 231], [188, 146, 103, 146, 188, 137, 95, 52, 95, 137, 85, 43, 0, 43, 85, 137, 95, 52, 95, 137, 188, 146, 103, 146, 188], [231, 189, 146, 103, 145, 180, 138, 95, 52, 94, 128, 86, 43, 0, 42, 180, 138, 95, 52, 94, 231, 189, 146, 103, 145], [273, 231, 188, 145, 103, 222, 180, 137, 94, 52, 170, 128, 85, 42, 0, 222, 180, 137, 94, 52, 273, 231, 188, 145, 103], [155, 197, 240, 283, 325, 104, 146, 189, 232, 274, 52, 94, 137, 180, 222, 0, 42, 85, 128, 170, 51, 93, 136, 179, 221], [197, 155, 198, 241, 283, 146, 104, 147, 190, 232, 94, 52, 95, 138, 180, 42, 0, 43, 86, 128, 93, 51, 94, 137, 179], [240, 198, 155, 198, 240, 189, 147, 104, 147, 189, 137, 95, 52, 95, 137, 85, 43, 0, 43, 85, 136, 94, 51, 94, 136], [283, 241, 198, 155, 197, 232, 190, 147, 104, 146, 180, 138, 95, 52, 94, 128, 86, 43, 0, 42, 179, 137, 94, 51, 93], [325, 283, 240, 197, 155, 274, 232, 189, 146, 104, 222, 180, 137, 94, 52, 170, 128, 85, 42, 0, 221, 179, 136, 93, 51], [206, 248, 291, 334, 376, 155, 197, 240, 283, 325, 103, 145, 188, 231, 273, 51, 93, 136, 179, 221, 0, 42, 85, 128, 170], [248, 206, 249, 292, 334, 197, 155, 198, 241, 283, 145, 103, 146, 189, 231, 93, 51, 94, 137, 179, 42, 0, 43, 86, 128], [291, 249, 206, 249, 291, 240, 198, 155, 198, 240, 188, 146, 103, 146, 188, 136, 94, 51, 94, 136, 85, 43, 0, 43, 85], [334, 292, 249, 206, 248, 283, 241, 198, 155, 197, 231, 189, 146, 103, 145, 179, 137, 94, 51, 93, 128, 86, 43, 0, 42], [376, 334, 291, 248, 206, 325, 283, 240, 197, 155, 273, 231, 188, 145, 103, 221, 179, 136, 93, 51, 170, 128, 85, 42, 0]]]
Equipments:	[0, 1, 0, 1, 0, 0, 0, 0, 0, 1, 1, 0, 1, 0, 0, 0, 0, 0, 1, 0, 0, 1, 0, 0, 0]
Coverage:	[1, 1, 1, 3, 9, 10, 1, 12, 9, 9, 10, 10, 12, 12, 9, 10, 21, 18, 18, 18, 21, 21, 21, 18, 18]
Rem. cap.:	[0, 40, 0, 58, 0, 0, 0, 0, 0, 40, 65, 0, 14, 0, 0, 0, 0, 0, 62, 0, 0, 68, 0, 0, 0]
Value:		887

Tempo exec.: 17.40739810001105
Instance:	[n: 25], [p: 7]
Distância:	[distance: [[0, 42, 85, 128, 170, 51, 93, 136, 179, 221, 103, 145, 188, 231, 273, 155, 197, 240, 283, 325, 206, 248, 291, 334, 376], [42, 0, 43, 86, 128, 93, 51, 94, 137, 179, 145, 103, 146, 189, 231, 197, 155, 198, 241, 283, 248, 206, 249, 292, 334], [85, 43, 0, 43, 85, 136, 94, 51, 94, 136, 188, 146, 103, 146, 188, 240, 198, 155, 198, 240, 291, 249, 206, 249, 291], [128, 86, 43, 0, 42, 179, 137, 94, 51, 93, 231, 189, 146, 103, 145, 283, 241, 198, 155, 197, 334, 292, 249, 206, 248], [170, 128, 85, 42, 0, 221, 179, 136, 93, 51, 273, 231, 188, 145, 103, 325, 283, 240, 197, 155, 376, 334, 291, 248, 206], [51, 93, 136, 179, 221, 0, 42, 85, 128, 170, 52, 94, 137, 180, 222, 104, 146, 189, 232, 274, 155, 197, 240, 283, 325], [93, 51, 94, 137, 179, 42, 0, 43, 86, 128, 94, 52, 95, 138, 180, 146, 104, 147, 190, 232, 197, 155, 198, 241, 283], [136, 94, 51, 94, 136, 85, 43, 0, 43, 85, 137, 95, 52, 95, 137, 189, 147, 104, 147, 189, 240, 198, 155, 198, 240], [179, 137, 94, 51, 93, 128, 86, 43, 0, 42, 180, 138, 95, 52, 94, 232, 190, 147, 104, 146, 283, 241, 198, 155, 197], [221, 179, 136, 93, 51, 170, 128, 85, 42, 0, 222, 180, 137, 94, 52, 274, 232, 189, 146, 104, 325, 283, 240, 197, 155], [103, 145, 188, 231, 273, 52, 94, 137, 180, 222, 0, 42, 85, 128, 170, 52, 94, 137, 180, 222, 103, 145, 188, 231, 273], [145, 103, 146, 189, 231, 94, 52, 95, 138, 180, 42, 0, 43, 86, 128, 94, 52, 95, 138, 180, 145, 103, 146, 189, 231], [188, 146, 103, 146, 188, 137, 95, 52, 95, 137, 85, 43, 0, 43, 85, 137, 95, 52, 95, 137, 188, 146, 103, 146, 188], [231, 189, 146, 103, 145, 180, 138, 95, 52, 94, 128, 86, 43, 0, 42, 180, 138, 95, 52, 94, 231, 189, 146, 103, 145], [273, 231, 188, 145, 103, 222, 180, 137, 94, 52, 170, 128, 85, 42, 0, 222, 180, 137, 94, 52, 273, 231, 188, 145, 103], [155, 197, 240, 283, 325, 104, 146, 189, 232, 274, 52, 94, 137, 180, 222, 0, 42, 85, 128, 170, 51, 93, 136, 179, 221], [197, 155, 198, 241, 283, 146, 104, 147, 190, 232, 94, 52, 95, 138, 180, 42, 0, 43, 86, 128, 93, 51, 94, 137, 179], [240, 198, 155, 198, 240, 189, 147, 104, 147, 189, 137, 95, 52, 95, 137, 85, 43, 0, 43, 85, 136, 94, 51, 94, 136], [283, 241, 198, 155, 197, 232, 190, 147, 104, 146, 180, 138, 95, 52, 94, 128, 86, 43, 0, 42, 179, 137, 94, 51, 93], [325, 283, 240, 197, 155, 274, 232, 189, 146, 104, 222, 180, 137, 94, 52, 170, 128, 85, 42, 0, 221, 179, 136, 93, 51], [206, 248, 291, 334, 376, 155, 197, 240, 283, 325, 103, 145, 188, 231, 273, 51, 93, 136, 179, 221, 0, 42, 85, 128, 170], [248, 206, 249, 292, 334, 197, 155, 198, 241, 283, 145, 103, 146, 189, 231, 93, 51, 94, 137, 179, 42, 0, 43, 86, 128], [291, 249, 206, 249, 291, 240, 198, 155, 198, 240, 188, 146, 103, 146, 188, 136, 94, 51, 94, 136, 85, 43, 0, 43, 85], [334, 292, 249, 206, 248, 283, 241, 198, 155, 197, 231, 189, 146, 103, 145, 179, 137, 94, 51, 93, 128, 86, 43, 0, 42], [376, 334, 291, 248, 206, 325, 283, 240, 197, 155, 273, 231, 188, 145, 103, 221, 179, 136, 93, 51, 170, 128, 85, 42, 0]]]
Equipments:	[0, 1, 0, 1, 0, 0, 1, 0, 0, 1, 0, 0, 1, 0, 0, 1, 0, 0, 0, 0, 0, 0, 0, 1, 0]
Coverage:	[1, 1, 1, 3, 9, 6, 6, 6, 9, 9, 15, 12, 12, 12, 9, 15, 15, 12, 23, 23, 15, 23, 23, 23, 23]
Rem. cap.:	[0, 46, 0, 58, 0, 0, 46, 0, 0, 40, 0, 0, 1, 0, 0, 66, 0, 0, 0, 0, 0, 0, 0, 90, 0]
Value:		913

Tempo exec.: 20.013611799979117
Instance:	[n: 25], [p: 7]
Distância:	[distance: [[0, 42, 85, 128, 170, 51, 93, 136, 179, 221, 103, 145, 188, 231, 273, 155, 197, 240, 283, 325, 206, 248, 291, 334, 376], [42, 0, 43, 86, 128, 93, 51, 94, 137, 179, 145, 103, 146, 189, 231, 197, 155, 198, 241, 283, 248, 206, 249, 292, 334], [85, 43, 0, 43, 85, 136, 94, 51, 94, 136, 188, 146, 103, 146, 188, 240, 198, 155, 198, 240, 291, 249, 206, 249, 291], [128, 86, 43, 0, 42, 179, 137, 94, 51, 93, 231, 189, 146, 103, 145, 283, 241, 198, 155, 197, 334, 292, 249, 206, 248], [170, 128, 85, 42, 0, 221, 179, 136, 93, 51, 273, 231, 188, 145, 103, 325, 283, 240, 197, 155, 376, 334, 291, 248, 206], [51, 93, 136, 179, 221, 0, 42, 85, 128, 170, 52, 94, 137, 180, 222, 104, 146, 189, 232, 274, 155, 197, 240, 283, 325], [93, 51, 94, 137, 179, 42, 0, 43, 86, 128, 94, 52, 95, 138, 180, 146, 104, 147, 190, 232, 197, 155, 198, 241, 283], [136, 94, 51, 94, 136, 85, 43, 0, 43, 85, 137, 95, 52, 95, 137, 189, 147, 104, 147, 189, 240, 198, 155, 198, 240], [179, 137, 94, 51, 93, 128, 86, 43, 0, 42, 180, 138, 95, 52, 94, 232, 190, 147, 104, 146, 283, 241, 198, 155, 197], [221, 179, 136, 93, 51, 170, 128, 85, 42, 0, 222, 180, 137, 94, 52, 274, 232, 189, 146, 104, 325, 283, 240, 197, 155], [103, 145, 188, 231, 273, 52, 94, 137, 180, 222, 0, 42, 85, 128, 170, 52, 94, 137, 180, 222, 103, 145, 188, 231, 273], [145, 103, 146, 189, 231, 94, 52, 95, 138, 180, 42, 0, 43, 86, 128, 94, 52, 95, 138, 180, 145, 103, 146, 189, 231], [188, 146, 103, 146, 188, 137, 95, 52, 95, 137, 85, 43, 0, 43, 85, 137, 95, 52, 95, 137, 188, 146, 103, 146, 188], [231, 189, 146, 103, 145, 180, 138, 95, 52, 94, 128, 86, 43, 0, 42, 180, 138, 95, 52, 94, 231, 189, 146, 103, 145], [273, 231, 188, 145, 103, 222, 180, 137, 94, 52, 170, 128, 85, 42, 0, 222, 180, 137, 94, 52, 273, 231, 188, 145, 103], [155, 197, 240, 283, 325, 104, 146, 189, 232, 274, 52, 94, 137, 180, 222, 0, 42, 85, 128, 170, 51, 93, 136, 179, 221], [197, 155, 198, 241, 283, 146, 104, 147, 190, 232, 94, 52, 95, 138, 180, 42, 0, 43, 86, 128, 93, 51, 94, 137, 179], [240, 198, 155, 198, 240, 189, 147, 104, 147, 189, 137, 95, 52, 95, 137, 85, 43, 0, 43, 85, 136, 94, 51, 94, 136], [283, 241, 198, 155, 197, 232, 190, 147, 104, 146, 180, 138, 95, 52, 94, 128, 86, 43, 0, 42, 179, 137, 94, 51, 93], [325, 283, 240, 197, 155, 274, 232, 189, 146, 104, 222, 180, 137, 94, 52, 170, 128, 85, 42, 0, 221, 179, 136, 93, 51], [206, 248, 291, 334, 376, 155, 197, 240, 283, 325, 103, 145, 188, 231, 273, 51, 93, 136, 179, 221, 0, 42, 85, 128, 170], [248, 206, 249, 292, 334, 197, 155, 198, 241, 283, 145, 103, 146, 189, 231, 93, 51, 94, 137, 179, 42, 0, 43, 86, 128], [291, 249, 206, 249, 291, 240, 198, 155, 198, 240, 188, 146, 103, 146, 188, 136, 94, 51, 94, 136, 85, 43, 0, 43, 85], [334, 292, 249, 206, 248, 283, 241, 198, 155, 197, 231, 189, 146, 103, 145, 179, 137, 94, 51, 93, 128, 86, 43, 0, 42], [376, 334, 291, 248, 206, 325, 283, 240, 197, 155, 273, 231, 188, 145, 103, 221, 179, 136, 93, 51, 170, 128, 85, 42, 0]]]
Equipments:	[0, 1, 0, 0, 0, 0, 1, 0, 0, 1, 0, 0, 0, 1, 0, 1, 0, 0, 1, 0, 0, 0, 0, 1, 0]
Coverage:	[1, 1, 1, 13, 9, 6, 6, 6, 9, 9, 15, 6, 13, 13, 13, 15, 15, 18, 18, 18, 15, 23, 23, 23, 23]
Rem. cap.:	[0, 46, 0, 0, 0, 0, 8, 0, 0, 46, 0, 0, 0, 8, 0, 66, 0, 0, 72, 0, 0, 0, 0, 101, 0]
Value:		904

Tempo exec.: 17.704193699988537
Instance:	[n: 25], [p: 7]
Distância:	[distance: [[0, 42, 85, 128, 170, 51, 93, 136, 179, 221, 103, 145, 188, 231, 273, 155, 197, 240, 283, 325, 206, 248, 291, 334, 376], [42, 0, 43, 86, 128, 93, 51, 94, 137, 179, 145, 103, 146, 189, 231, 197, 155, 198, 241, 283, 248, 206, 249, 292, 334], [85, 43, 0, 43, 85, 136, 94, 51, 94, 136, 188, 146, 103, 146, 188, 240, 198, 155, 198, 240, 291, 249, 206, 249, 291], [128, 86, 43, 0, 42, 179, 137, 94, 51, 93, 231, 189, 146, 103, 145, 283, 241, 198, 155, 197, 334, 292, 249, 206, 248], [170, 128, 85, 42, 0, 221, 179, 136, 93, 51, 273, 231, 188, 145, 103, 325, 283, 240, 197, 155, 376, 334, 291, 248, 206], [51, 93, 136, 179, 221, 0, 42, 85, 128, 170, 52, 94, 137, 180, 222, 104, 146, 189, 232, 274, 155, 197, 240, 283, 325], [93, 51, 94, 137, 179, 42, 0, 43, 86, 128, 94, 52, 95, 138, 180, 146, 104, 147, 190, 232, 197, 155, 198, 241, 283], [136, 94, 51, 94, 136, 85, 43, 0, 43, 85, 137, 95, 52, 95, 137, 189, 147, 104, 147, 189, 240, 198, 155, 198, 240], [179, 137, 94, 51, 93, 128, 86, 43, 0, 42, 180, 138, 95, 52, 94, 232, 190, 147, 104, 146, 283, 241, 198, 155, 197], [221, 179, 136, 93, 51, 170, 128, 85, 42, 0, 222, 180, 137, 94, 52, 274, 232, 189, 146, 104, 325, 283, 240, 197, 155], [103, 145, 188, 231, 273, 52, 94, 137, 180, 222, 0, 42, 85, 128, 170, 52, 94, 137, 180, 222, 103, 145, 188, 231, 273], [145, 103, 146, 189, 231, 94, 52, 95, 138, 180, 42, 0, 43, 86, 128, 94, 52, 95, 138, 180, 145, 103, 146, 189, 231], [188, 146, 103, 146, 188, 137, 95, 52, 95, 137, 85, 43, 0, 43, 85, 137, 95, 52, 95, 137, 188, 146, 103, 146, 188], [231, 189, 146, 103, 145, 180, 138, 95, 52, 94, 128, 86, 43, 0, 42, 180, 138, 95, 52, 94, 231, 189, 146, 103, 145], [273, 231, 188, 145, 103, 222, 180, 137, 94, 52, 170, 128, 85, 42, 0, 222, 180, 137, 94, 52, 273, 231, 188, 145, 103], [155, 197, 240, 283, 325, 104, 146, 189, 232, 274, 52, 94, 137, 180, 222, 0, 42, 85, 128, 170, 51, 93, 136, 179, 221], [197, 155, 198, 241, 283, 146, 104, 147, 190, 232, 94, 52, 95, 138, 180, 42, 0, 43, 86, 128, 93, 51, 94, 137, 179], [240, 198, 155, 198, 240, 189, 147, 104, 147, 189, 137, 95, 52, 95, 137, 85, 43, 0, 43, 85, 136, 94, 51, 94, 136], [283, 241, 198, 155, 197, 232, 190, 147, 104, 146, 180, 138, 95, 52, 94, 128, 86, 43, 0, 42, 179, 137, 94, 51, 93], [325, 283, 240, 197, 155, 274, 232, 189, 146, 104, 222, 180, 137, 94, 52, 170, 128, 85, 42, 0, 221, 179, 136, 93, 51], [206, 248, 291, 334, 376, 155, 197, 240, 283, 325, 103, 145, 188, 231, 273, 51, 93, 136, 179, 221, 0, 42, 85, 128, 170], [248, 206, 249, 292, 334, 197, 155, 198, 241, 283, 145, 103, 146, 189, 231, 93, 51, 94, 137, 179, 42, 0, 43, 86, 128], [291, 249, 206, 249, 291, 240, 198, 155, 198, 240, 188, 146, 103, 146, 188, 136, 94, 51, 94, 136, 85, 43, 0, 43, 85], [334, 292, 249, 206, 248, 283, 241, 198, 155, 197, 231, 189, 146, 103, 145, 179, 137, 94, 51, 93, 128, 86, 43, 0, 42], [376, 334, 291, 248, 206, 325, 283, 240, 197, 155, 273, 231, 188, 145, 103, 221, 179, 136, 93, 51, 170, 128, 85, 42, 0]]]
Equipments:	[0, 1, 0, 1, 0, 0, 0, 0, 0, 1, 1, 0, 1, 0, 0, 0, 0, 0, 1, 0, 0, 1, 0, 0, 0]
Coverage:	[1, 1, 1, 3, 9, 10, 1, 12, 9, 9, 10, 10, 12, 12, 9, 10, 21, 18, 18, 18, 21, 21, 21, 18, 18]
Rem. cap.:	[0, 40, 0, 58, 0, 0, 0, 0, 0, 40, 65, 0, 14, 0, 0, 0, 0, 0, 62, 0, 0, 68, 0, 0, 0]
Value:		887

Tempo exec.: 17.736374599975534
Instance:	[n: 25], [p: 7]
Distância:	[distance: [[0, 42, 85, 128, 170, 51, 93, 136, 179, 221, 103, 145, 188, 231, 273, 155, 197, 240, 283, 325, 206, 248, 291, 334, 376], [42, 0, 43, 86, 128, 93, 51, 94, 137, 179, 145, 103, 146, 189, 231, 197, 155, 198, 241, 283, 248, 206, 249, 292, 334], [85, 43, 0, 43, 85, 136, 94, 51, 94, 136, 188, 146, 103, 146, 188, 240, 198, 155, 198, 240, 291, 249, 206, 249, 291], [128, 86, 43, 0, 42, 179, 137, 94, 51, 93, 231, 189, 146, 103, 145, 283, 241, 198, 155, 197, 334, 292, 249, 206, 248], [170, 128, 85, 42, 0, 221, 179, 136, 93, 51, 273, 231, 188, 145, 103, 325, 283, 240, 197, 155, 376, 334, 291, 248, 206], [51, 93, 136, 179, 221, 0, 42, 85, 128, 170, 52, 94, 137, 180, 222, 104, 146, 189, 232, 274, 155, 197, 240, 283, 325], [93, 51, 94, 137, 179, 42, 0, 43, 86, 128, 94, 52, 95, 138, 180, 146, 104, 147, 190, 232, 197, 155, 198, 241, 283], [136, 94, 51, 94, 136, 85, 43, 0, 43, 85, 137, 95, 52, 95, 137, 189, 147, 104, 147, 189, 240, 198, 155, 198, 240], [179, 137, 94, 51, 93, 128, 86, 43, 0, 42, 180, 138, 95, 52, 94, 232, 190, 147, 104, 146, 283, 241, 198, 155, 197], [221, 179, 136, 93, 51, 170, 128, 85, 42, 0, 222, 180, 137, 94, 52, 274, 232, 189, 146, 104, 325, 283, 240, 197, 155], [103, 145, 188, 231, 273, 52, 94, 137, 180, 222, 0, 42, 85, 128, 170, 52, 94, 137, 180, 222, 103, 145, 188, 231, 273], [145, 103, 146, 189, 231, 94, 52, 95, 138, 180, 42, 0, 43, 86, 128, 94, 52, 95, 138, 180, 145, 103, 146, 189, 231], [188, 146, 103, 146, 188, 137, 95, 52, 95, 137, 85, 43, 0, 43, 85, 137, 95, 52, 95, 137, 188, 146, 103, 146, 188], [231, 189, 146, 103, 145, 180, 138, 95, 52, 94, 128, 86, 43, 0, 42, 180, 138, 95, 52, 94, 231, 189, 146, 103, 145], [273, 231, 188, 145, 103, 222, 180, 137, 94, 52, 170, 128, 85, 42, 0, 222, 180, 137, 94, 52, 273, 231, 188, 145, 103], [155, 197, 240, 283, 325, 104, 146, 189, 232, 274, 52, 94, 137, 180, 222, 0, 42, 85, 128, 170, 51, 93, 136, 179, 221], [197, 155, 198, 241, 283, 146, 104, 147, 190, 232, 94, 52, 95, 138, 180, 42, 0, 43, 86, 128, 93, 51, 94, 137, 179], [240, 198, 155, 198, 240, 189, 147, 104, 147, 189, 137, 95, 52, 95, 137, 85, 43, 0, 43, 85, 136, 94, 51, 94, 136], [283, 241, 198, 155, 197, 232, 190, 147, 104, 146, 180, 138, 95, 52, 94, 128, 86, 43, 0, 42, 179, 137, 94, 51, 93], [325, 283, 240, 197, 155, 274, 232, 189, 146, 104, 222, 180, 137, 94, 52, 170, 128, 85, 42, 0, 221, 179, 136, 93, 51], [206, 248, 291, 334, 376, 155, 197, 240, 283, 325, 103, 145, 188, 231, 273, 51, 93, 136, 179, 221, 0, 42, 85, 128, 170], [248, 206, 249, 292, 334, 197, 155, 198, 241, 283, 145, 103, 146, 189, 231, 93, 51, 94, 137, 179, 42, 0, 43, 86, 128], [291, 249, 206, 249, 291, 240, 198, 155, 198, 240, 188, 146, 103, 146, 188, 136, 94, 51, 94, 136, 85, 43, 0, 43, 85], [334, 292, 249, 206, 248, 283, 241, 198, 155, 197, 231, 189, 146, 103, 145, 179, 137, 94, 51, 93, 128, 86, 43, 0, 42], [376, 334, 291, 248, 206, 325, 283, 240, 197, 155, 273, 231, 188, 145, 103, 221, 179, 136, 93, 51, 170, 128, 85, 42, 0]]]
Equipments:	[0, 1, 0, 1, 0, 0, 1, 0, 0, 1, 0, 1, 0, 0, 0, 0, 0, 0, 1, 0, 0, 1, 0, 0, 0]
Coverage:	[1, 1, 1, 3, 9, 6, 6, 6, 9, 9, 11, 11, 11, 18, 9, 21, 21, 18, 18, 18, 21, 21, 21, 18, 18]
Rem. cap.:	[0, 46, 0, 58, 0, 0, 46, 0, 0, 40, 0, 39, 0, 0, 0, 0, 0, 0, 56, 0, 0, 62, 0, 0, 0]
Value:		910

Tempo exec.: 16.53117099998053
Instance:	[n: 25], [p: 7]
Distância:	[distance: [[0, 42, 85, 128, 170, 51, 93, 136, 179, 221, 103, 145, 188, 231, 273, 155, 197, 240, 283, 325, 206, 248, 291, 334, 376], [42, 0, 43, 86, 128, 93, 51, 94, 137, 179, 145, 103, 146, 189, 231, 197, 155, 198, 241, 283, 248, 206, 249, 292, 334], [85, 43, 0, 43, 85, 136, 94, 51, 94, 136, 188, 146, 103, 146, 188, 240, 198, 155, 198, 240, 291, 249, 206, 249, 291], [128, 86, 43, 0, 42, 179, 137, 94, 51, 93, 231, 189, 146, 103, 145, 283, 241, 198, 155, 197, 334, 292, 249, 206, 248], [170, 128, 85, 42, 0, 221, 179, 136, 93, 51, 273, 231, 188, 145, 103, 325, 283, 240, 197, 155, 376, 334, 291, 248, 206], [51, 93, 136, 179, 221, 0, 42, 85, 128, 170, 52, 94, 137, 180, 222, 104, 146, 189, 232, 274, 155, 197, 240, 283, 325], [93, 51, 94, 137, 179, 42, 0, 43, 86, 128, 94, 52, 95, 138, 180, 146, 104, 147, 190, 232, 197, 155, 198, 241, 283], [136, 94, 51, 94, 136, 85, 43, 0, 43, 85, 137, 95, 52, 95, 137, 189, 147, 104, 147, 189, 240, 198, 155, 198, 240], [179, 137, 94, 51, 93, 128, 86, 43, 0, 42, 180, 138, 95, 52, 94, 232, 190, 147, 104, 146, 283, 241, 198, 155, 197], [221, 179, 136, 93, 51, 170, 128, 85, 42, 0, 222, 180, 137, 94, 52, 274, 232, 189, 146, 104, 325, 283, 240, 197, 155], [103, 145, 188, 231, 273, 52, 94, 137, 180, 222, 0, 42, 85, 128, 170, 52, 94, 137, 180, 222, 103, 145, 188, 231, 273], [145, 103, 146, 189, 231, 94, 52, 95, 138, 180, 42, 0, 43, 86, 128, 94, 52, 95, 138, 180, 145, 103, 146, 189, 231], [188, 146, 103, 146, 188, 137, 95, 52, 95, 137, 85, 43, 0, 43, 85, 137, 95, 52, 95, 137, 188, 146, 103, 146, 188], [231, 189, 146, 103, 145, 180, 138, 95, 52, 94, 128, 86, 43, 0, 42, 180, 138, 95, 52, 94, 231, 189, 146, 103, 145], [273, 231, 188, 145, 103, 222, 180, 137, 94, 52, 170, 128, 85, 42, 0, 222, 180, 137, 94, 52, 273, 231, 188, 145, 103], [155, 197, 240, 283, 325, 104, 146, 189, 232, 274, 52, 94, 137, 180, 222, 0, 42, 85, 128, 170, 51, 93, 136, 179, 221], [197, 155, 198, 241, 283, 146, 104, 147, 190, 232, 94, 52, 95, 138, 180, 42, 0, 43, 86, 128, 93, 51, 94, 137, 179], [240, 198, 155, 198, 240, 189, 147, 104, 147, 189, 137, 95, 52, 95, 137, 85, 43, 0, 43, 85, 136, 94, 51, 94, 136], [283, 241, 198, 155, 197, 232, 190, 147, 104, 146, 180, 138, 95, 52, 94, 128, 86, 43, 0, 42, 179, 137, 94, 51, 93], [325, 283, 240, 197, 155, 274, 232, 189, 146, 104, 222, 180, 137, 94, 52, 170, 128, 85, 42, 0, 221, 179, 136, 93, 51], [206, 248, 291, 334, 376, 155, 197, 240, 283, 325, 103, 145, 188, 231, 273, 51, 93, 136, 179, 221, 0, 42, 85, 128, 170], [248, 206, 249, 292, 334, 197, 155, 198, 241, 283, 145, 103, 146, 189, 231, 93, 51, 94, 137, 179, 42, 0, 43, 86, 128], [291, 249, 206, 249, 291, 240, 198, 155, 198, 240, 188, 146, 103, 146, 188, 136, 94, 51, 94, 136, 85, 43, 0, 43, 85], [334, 292, 249, 206, 248, 283, 241, 198, 155, 197, 231, 189, 146, 103, 145, 179, 137, 94, 51, 93, 128, 86, 43, 0, 42], [376, 334, 291, 248, 206, 325, 283, 240, 197, 155, 273, 231, 188, 145, 103, 221, 179, 136, 93, 51, 170, 128, 85, 42, 0]]]
Equipments:	[0, 1, 0, 1, 0, 0, 1, 0, 0, 1, 0, 1, 0, 0, 0, 0, 0, 0, 1, 0, 0, 1, 0, 0, 0]
Coverage:	[1, 1, 1, 3, 9, 6, 6, 6, 9, 9, 11, 11, 11, 18, 9, 21, 21, 18, 18, 18, 21, 21, 21, 18, 18]
Rem. cap.:	[0, 46, 0, 58, 0, 0, 46, 0, 0, 40, 0, 39, 0, 0, 0, 0, 0, 0, 56, 0, 0, 62, 0, 0, 0]
Value:		910

Tempo exec.: 168.7309038999956
Instance:	[n: 49], [p: 14]
